[[ 4.  7.  6.  5.  5.  5.  5.  5.]
 [ 3.  6.  1.  5.  5.  5.  5.  5.]
 [ 3.  3.  3.  1.  5.  1.  5.  5.]
 [ 3.  3.  3.  1.  1.  1.  1.  1.]
 [ 2.  2.  3.  3.  3.  1.  1.  1.]
 [ 2.  3.  3.  3.  3.  3.  1.  1.]
 [ 3.  3.  3.  3.  3.  3.  8.  8.]
 [ 3.  3.  3.  3.  3.  3.  8.  8.]]
--------------------
Total Population Size: 64
--------------------
Party Division in Population
R: 0.500000
D: 0.500000
--------------------
Number of Districts with Majority by Party
R: 4
D: 4
--------------------
District Locations (zero-indexed, [y, x])
District 1:
	[1, 2]
	[2, 3]
	[2, 5]
	[3, 3]
	[3, 4]
	[3, 5]
	[3, 6]
	[3, 7]
	[4, 5]
	[4, 6]
	[4, 7]
	[5, 6]
	[5, 7]
District 2:
	[4, 0]
	[4, 1]
	[5, 0]
District 3:
	[1, 0]
	[2, 0]
	[2, 1]
	[2, 2]
	[3, 0]
	[3, 1]
	[3, 2]
	[4, 2]
	[4, 3]
	[4, 4]
	[5, 1]
	[5, 2]
	[5, 3]
	[5, 4]
	[5, 5]
	[6, 0]
	[6, 1]
	[6, 2]
	[6, 3]
	[6, 4]
	[6, 5]
	[7, 0]
	[7, 1]
	[7, 2]
	[7, 3]
	[7, 4]
	[7, 5]
District 4:
	[0, 0]
District 5:
	[0, 3]
	[0, 4]
	[0, 5]
	[0, 6]
	[0, 7]
	[1, 3]
	[1, 4]
	[1, 5]
	[1, 6]
	[1, 7]
	[2, 4]
	[2, 6]
	[2, 7]
District 6:
	[0, 2]
	[1, 1]
District 7:
	[0, 1]
District 8:
	[6, 6]
	[6, 7]
	[7, 6]
	[7, 7]
--------------------
Algorithm: Simulated Annealing
--------------------
Valid Solution States Explored: 10000
--------------------
